4_0.0_159,259,299,359_1410.871188_0.000000_1081642.737741_lpOnly=1
4_0.4_159,259,299,359_1410.871188_22.414034_1547058.307304_lpOnly=0
4_0.4_157,259,299,359_1410.871188_22.414034_1045597.932776_lpOnly=0
4_1.6_245,359,386,413_1411.447239_88.675282_1193632.782012_lpOnly=0
4_6.4_42,125,259,380_1450.827652_277.209966_1424736.855152_lpOnly=0
8_0.0_95,229,251,259,306,332,386,413_1321.747286_0.000000_160704.474507_lpOnly=1
8_0.4_95,229,245,299,306,332,386,413_1327.632895_86.937911_675985.298456_lpOnly=0
8_0.4_95,159,229,245,299,306,332,386_1327.632895_86.937911_666743.360345_lpOnly=0
8_1.6_9,119,125,245,282,350,359,413_1442.151210_181.115337_798313.416787_lpOnly=0
8_6.4_9,42,157,159,282,350,380,413_1560.531671_523.681290_2383268.131146_lpOnly=0
16_0.0_5,43,58,95,100,125,145,146,159,192,229,245,306,332,359,386_1243.726169_0.000000_127799.952891_lpOnly=1
16_0.4_9,37,42,48,74,119,125,157,159,259,282,350,359,365,394,413_1428.592261_117.948687_368291.483566_lpOnly=0
16_0.4_9,37,42,48,74,119,125,157,159,245,282,350,359,365,394,413_1428.592261_117.948687_212647.528612_lpOnly=0
16_1.6_9,37,42,48,67,74,119,125,157,159,245,282,350,380,394,413_1441.544393_453.068595_1175309.697073_lpOnly=0
16_6.4_9,37,42,48,67,74,119,125,157,159,240,282,350,380,394,413_1529.108521_1585.072683_1749118.455678_lpOnly=1
32_0.0_5,19,24,26,36,43,58,65,92,95,100,101,116,125,138,141,145,146,159,192,214,229,251,259,278,293,299,306,332,338,359,365_1135.185574_0.000000_236975.405320_lpOnly=0
32_0.4_9,10,37,42,47,48,67,68,74,113,119,123,125,144,157,159,240,245,249,254,255,282,346,350,354,359,365,394,396,398,413,418_1399.881288_456.069114_588116.990514_lpOnly=0
32_0.4_9,10,37,42,47,48,67,68,74,113,119,123,125,144,157,159,240,249,254,255,259,282,346,350,354,359,365,394,396,398,413,418_1399.881288_456.069114_477317.567251_lpOnly=0
32_1.6_9,10,37,42,47,48,67,68,74,113,119,123,125,144,157,159,240,249,254,255,282,346,350,354,365,368,380,394,396,398,413,418_1479.303336_1726.452648_2117515.425540_lpOnly=0
32_6.4_9,10,37,42,47,48,67,68,74,113,119,123,125,144,157,159,240,249,254,255,258,282,346,350,354,365,368,394,396,398,413,418_3020.676129_5026.018351_2225857.332860_lpOnly=1
